会员姓名  商品及数量  优惠清单  积分  优惠合计  应收合计 优惠券 升级情况

马丁    001002  1  138 1242 138 1242 9折  升级为金卡

王立    003001  1  79        5926   569   3951  9.5折   升级为白金卡
           003002   3  490

李想    002002  2  10        8688   990   4926     升级为钻石卡
           003002  4  980

张三   002002  5  60        13964  168   6982    9.5折
           002001  2  108


张三   002003  4  279.2        10360  819.2   5212.8   
           002001  3  540

马丁    002003  5  350 4710 350 3140 

马丁    002002  5  60        13048  478.8   8699.2 升级为金卡
           002003  6  418.8

               
